当前日期: 2021/07/05 周一 
输入新日期: (年月日) 
当前时间: 10:02:36.25
输入新时间: 

数据类型: i (正态分布)
	冒泡排序	冒泡优化2
1024	0	0	冒泡排序: 正确	赋值次数 738981	比较次数 523776	冒泡优化2: 正确	赋值次数 738981	比较次数 337529
2048	0	0	冒泡排序: 正确	赋值次数 2963955	比较次数 2096128	冒泡优化2: 正确	赋值次数 2963955	比较次数 1352696
4096	0.015	0.016	冒泡排序: 正确	赋值次数 12112713	比较次数 8386560	冒泡优化2: 正确	赋值次数 12112713	比较次数 5542541
8192	0.062	0.057	冒泡排序: 正确	赋值次数 47834943	比较次数 33550336	冒泡优化2: 正确	赋值次数 47834943	比较次数 21882826
16384	0.307	0.234	冒泡排序: 正确	赋值次数 190948503	比较次数 134209536	冒泡优化2: 正确	赋值次数 190948503	比较次数 87845075
32768	1.28	0.955	冒泡排序: 正确	赋值次数 766599435	比较次数 536854528	冒泡优化2: 正确	赋值次数 766599435	比较次数 350019503
65536	5.283	3.874	冒泡排序: 正确	赋值次数 3069543516	比较次数 2147450880	冒泡优化2: 正确	赋值次数 3069543516	比较次数 1403617009

数据类型: i (均匀分布)
	冒泡排序	冒泡优化2
1024	0	0	冒泡排序: 正确	赋值次数 759951	比较次数 523776	冒泡优化2: 正确	赋值次数 759951	比较次数 345508
2048	0	0	冒泡排序: 正确	赋值次数 3105618	比较次数 2096128	冒泡优化2: 正确	赋值次数 3105618	比较次数 1395261
4096	0.015	0.016	冒泡排序: 正确	赋值次数 11913351	比较次数 8386560	冒泡优化2: 正确	赋值次数 11913351	比较次数 5424699
8192	0.062	0.051	冒泡排序: 正确	赋值次数 49146213	比较次数 33550336	冒泡优化2: 正确	赋值次数 49146213	比较次数 22266233
16384	0.308	0.224	冒泡排序: 正确	赋值次数 194432916	比较次数 134209536	冒泡优化2: 正确	赋值次数 194432916	比较次数 88126671
32768	1.268	0.943	冒泡排序: 正确	赋值次数 784070658	比较次数 536854528	冒泡优化2: 正确	赋值次数 784070658	比较次数 354462341
65536	5.286	3.927	冒泡排序: 正确	赋值次数 3127302981	比较次数 2147450880	冒泡优化2: 正确	赋值次数 3127302981	比较次数 1417925154

数据类型: i (完全顺序)
	冒泡排序	冒泡优化2
1024	0	0	冒泡排序: 正确	赋值次数 0	比较次数 523776	冒泡优化2: 正确	赋值次数 0	比较次数 1023
2048	0	0	冒泡排序: 正确	赋值次数 0	比较次数 2096128	冒泡优化2: 正确	赋值次数 0	比较次数 2047
4096	0.015	0	冒泡排序: 正确	赋值次数 0	比较次数 8386560	冒泡优化2: 正确	赋值次数 0	比较次数 4095
8192	0.035	0	冒泡排序: 正确	赋值次数 0	比较次数 33550336	冒泡优化2: 正确	赋值次数 0	比较次数 8191
16384	0.18	0	冒泡排序: 正确	赋值次数 0	比较次数 134209536	冒泡优化2: 正确	赋值次数 0	比较次数 16383
32768	0.739	0	冒泡排序: 正确	赋值次数 0	比较次数 536854528	冒泡优化2: 正确	赋值次数 0	比较次数 32767
65536	2.908	0	冒泡排序: 正确	赋值次数 0	比较次数 2147450880	冒泡优化2: 正确	赋值次数 0	比较次数 65535

数据类型: i (完全逆序)
	冒泡排序	冒泡优化2
1024	0	0	冒泡排序: 正确	赋值次数 1571328	比较次数 523776	冒泡优化2: 正确	赋值次数 1571328	比较次数 523776
2048	0.016	0	冒泡排序: 正确	赋值次数 6288384	比较次数 2096128	冒泡优化2: 正确	赋值次数 6288384	比较次数 2096128
4096	0.016	0.016	冒泡排序: 正确	赋值次数 25159680	比较次数 8386560	冒泡优化2: 正确	赋值次数 25159680	比较次数 8386560
8192	0.049	0.047	冒泡排序: 正确	赋值次数 100651008	比较次数 33550336	冒泡优化2: 正确	赋值次数 100651008	比较次数 33550336
16384	0.221	0.224	冒泡排序: 正确	赋值次数 402628608	比较次数 134209536	冒泡优化2: 正确	赋值次数 402628608	比较次数 134209536
32768	0.849	0.938	冒泡排序: 正确	赋值次数 1610563584	比较次数 536854528	冒泡优化2: 正确	赋值次数 1610563584	比较次数 536854528
65536	3.396	3.728	冒泡排序: 正确	赋值次数 6442352640	比较次数 2147450880	冒泡优化2: 正确	赋值次数 6442352640	比较次数 2147450880

数据类型: d (正态分布)
	冒泡排序	冒泡优化2
1024	0	0	冒泡排序: 正确	赋值次数 797058	比较次数 523776	冒泡优化2: 正确	赋值次数 797058	比较次数 356181
2048	0	0.015	冒泡排序: 正确	赋值次数 3120414	比较次数 2096128	冒泡优化2: 正确	赋值次数 3120414	比较次数 1388051
4096	0.016	0.016	冒泡排序: 正确	赋值次数 12505662	比较次数 8386560	冒泡优化2: 正确	赋值次数 12505662	比较次数 5560454
8192	0.113	0.078	冒泡排序: 正确	赋值次数 50003628	比较次数 33550336	冒泡优化2: 正确	赋值次数 50003628	比较次数 22249727
16384	0.516	0.332	冒泡排序: 正确	赋值次数 200689461	比较次数 134209536	冒泡优化2: 正确	赋值次数 200689461	比较次数 89240176
32768	2.299	1.499	冒泡排序: 正确	赋值次数 808901625	比较次数 536854528	冒泡优化2: 正确	赋值次数 808901625	比较次数 359198603
65536	9.483	6.29	冒泡排序: 正确	赋值次数 3229839138	比较次数 2147450880	冒泡优化2: 正确	赋值次数 3229839138	比较次数 1436331008

数据类型: d (均匀分布)
	冒泡排序	冒泡优化2
1024	0	0	冒泡排序: 正确	赋值次数 767544	比较次数 523776	冒泡优化2: 正确	赋值次数 767544	比较次数 346093
2048	0	0	冒泡排序: 正确	赋值次数 3228687	比较次数 2096128	冒泡优化2: 正确	赋值次数 3228687	比较次数 1433112
4096	0.031	0.016	冒泡排序: 正确	赋值次数 12732354	比较次数 8386560	冒泡优化2: 正确	赋值次数 12732354	比较次数 5684313
8192	0.109	0.066	冒泡排序: 正确	赋值次数 50315562	比较次数 33550336	冒泡优化2: 正确	赋值次数 50315562	比较次数 22385420
16384	0.524	0.34	冒泡排序: 正确	赋值次数 199597839	比较次数 134209536	冒泡优化2: 正确	赋值次数 199597839	比较次数 88670960
32768	2.258	1.522	冒泡排序: 正确	赋值次数 805793361	比较次数 536854528	冒泡优化2: 正确	赋值次数 805793361	比较次数 358232060
65536	9.511	6.266	冒泡排序: 正确	赋值次数 3214428054	比较次数 2147450880	冒泡优化2: 正确	赋值次数 3214428054	比较次数 1427900349

数据类型: d (完全顺序)
	冒泡排序	冒泡优化2
1024	0	0	冒泡排序: 正确	赋值次数 0	比较次数 523776	冒泡优化2: 正确	赋值次数 0	比较次数 1023
2048	0.015	0	冒泡排序: 正确	赋值次数 0	比较次数 2096128	冒泡优化2: 正确	赋值次数 0	比较次数 2047
4096	0.016	0	冒泡排序: 正确	赋值次数 0	比较次数 8386560	冒泡优化2: 正确	赋值次数 0	比较次数 4095
8192	0.047	0	冒泡排序: 正确	赋值次数 0	比较次数 33550336	冒泡优化2: 正确	赋值次数 0	比较次数 8191
16384	0.222	0	冒泡排序: 正确	赋值次数 0	比较次数 134209536	冒泡优化2: 正确	赋值次数 0	比较次数 16383
32768	0.904	0	冒泡排序: 正确	赋值次数 0	比较次数 536854528	冒泡优化2: 正确	赋值次数 0	比较次数 32767
65536	3.586	0	冒泡排序: 正确	赋值次数 0	比较次数 2147450880	冒泡优化2: 正确	赋值次数 0	比较次数 65535

数据类型: d (完全逆序)
	冒泡排序	冒泡优化2
1024	0	0.016	冒泡排序: 正确	赋值次数 1571328	比较次数 523776	冒泡优化2: 正确	赋值次数 1571328	比较次数 523776
2048	0	0	冒泡排序: 正确	赋值次数 6288384	比较次数 2096128	冒泡优化2: 正确	赋值次数 6288384	比较次数 2096128
4096	0.015	0.036	冒泡排序: 正确	赋值次数 25159680	比较次数 8386560	冒泡优化2: 正确	赋值次数 25159680	比较次数 8386560
8192	0.075	0.083	冒泡排序: 正确	赋值次数 100651008	比较次数 33550336	冒泡优化2: 正确	赋值次数 100651008	比较次数 33550336
16384	0.299	0.313	冒泡排序: 正确	赋值次数 402628608	比较次数 134209536	冒泡优化2: 正确	赋值次数 402628608	比较次数 134209536
32768	1.205	1.27	冒泡排序: 正确	赋值次数 1610563584	比较次数 536854528	冒泡优化2: 正确	赋值次数 1610563584	比较次数 536854528
65536	4.792	5.107	冒泡排序: 正确	赋值次数 6442352640	比较次数 2147450880	冒泡优化2: 正确	赋值次数 6442352640	比较次数 2147450880

原始数据分布: 正态分布, 数据类型 = 5Score
1024	0	快速排序: 正确
	倒序输出部分数据（即总分前若干名的数据）
	 学 号  总分 语 数 外 理 化
	00000162 403 90 74 80 87 72
	00000457 398 74 83 79 73 89
	00000811 396 71 86 82 78 79
	00000672 395 90 75 81 75 74
	00000008 394 76 84 79 82 73
	00000391 393 86 76 77 78 76
	00000020 393 69 77 80 87 80
	00000937 393 72 85 80 82 74
	00000930 393 78 73 74 89 79
	00000494 392 77 86 78 79 72
1024	0	快速优化: 正确
	倒序输出部分数据（即总分前若干名的数据）
	 学 号  总分 语 数 外 理 化
	00000162 403 90 74 80 87 72
	00000457 398 74 83 79 73 89
	00000811 396 71 86 82 78 79
	00000672 395 90 75 81 75 74
	00000008 394 76 84 79 82 73
	00000391 393 86 76 77 78 76
	00000020 393 69 77 80 87 80
	00000930 393 78 73 74 89 79
	00000937 393 72 85 80 82 74
	00000494 392 77 86 78 79 72
2048	0	快速排序: 正确
	倒序输出部分数据（即总分前若干名的数据）
	 学 号  总分 语 数 外 理 化
	00000874 405 81 79 84 84 77
	00000880 400 80 73 83 78 86
	00001840 399 74 84 79 81 81
	00000292 399 78 79 77 87 78
	00000706 398 78 89 76 80 75
	00001169 398 77 68 80 92 81
	00001332 398 78 85 81 79 75
	00001438 397 80 71 81 84 81
	00001316 397 85 81 71 84 76
	00000327 397 80 79 71 87 80
2048	0	快速优化: 正确
	倒序输出部分数据（即总分前若干名的数据）
	 学 号  总分 语 数 外 理 化
	00000874 405 81 79 84 84 77
	00000880 400 80 73 83 78 86
	00001840 399 74 84 79 81 81
	00000292 399 78 79 77 87 78
	00000706 398 78 89 76 80 75
	00001169 398 77 68 80 92 81
	00001332 398 78 85 81 79 75
	00001438 397 80 71 81 84 81
	00001316 397 85 81 71 84 76
	00000327 397 80 79 71 87 80
4096	0	快速排序: 正确
	倒序输出部分数据（即总分前若干名的数据）
	 学 号  总分 语 数 外 理 化
	00003865 407 78 78 76 93 82
	00001320 406 78 82 78 78 90
	00001256 402 82 77 83 73 87
	00000547 402 76 85 75 87 79
	00000518 401 84 86 81 77 73
	00003623 401 82 83 73 86 77
	00000795 401 85 77 84 75 80
	00000223 399 85 77 81 80 76
	00001889 399 78 79 79 89 74
	00002309 398 88 76 79 83 72
4096	0	快速优化: 正确
	倒序输出部分数据（即总分前若干名的数据）
	 学 号  总分 语 数 外 理 化
	00003865 407 78 78 76 93 82
	00001320 406 78 82 78 78 90
	00001256 402 82 77 83 73 87
	00000547 402 76 85 75 87 79
	00003623 401 82 83 73 86 77
	00000795 401 85 77 84 75 80
	00000518 401 84 86 81 77 73
	00000223 399 85 77 81 80 76
	00001889 399 78 79 79 89 74
	00001997 398 82 77 72 80 87
8192	0	快速排序: 正确
	倒序输出部分数据（即总分前若干名的数据）
	 学 号  总分 语 数 外 理 化
	00004659 417 83 77 82 91 84
	00005506 415 77 92 83 80 83
	00004205 405 87 80 76 80 82
	00005782 404 85 86 82 79 72
	00003387 403 82 79 76 84 82
	00005246 402 75 81 83 78 85
	00006379 402 86 79 76 82 79
	00002982 402 83 81 90 80 68
	00001574 401 85 76 82 89 69
	00004519 401 80 75 78 85 83
8192	0	快速优化: 正确
	倒序输出部分数据（即总分前若干名的数据）
	 学 号  总分 语 数 外 理 化
	00004659 417 83 77 82 91 84
	00005506 415 77 92 83 80 83
	00004205 405 87 80 76 80 82
	00005782 404 85 86 82 79 72
	00003387 403 82 79 76 84 82
	00006379 402 86 79 76 82 79
	00005246 402 75 81 83 78 85
	00002982 402 83 81 90 80 68
	00007535 401 89 72 76 80 84
	00004519 401 80 75 78 85 83
16384	0.004	快速排序: 正确
	倒序输出部分数据（即总分前若干名的数据）
	 学 号  总分 语 数 外 理 化
	00004779 412 89 83 70 82 88
	00015168 410 91 81 71 86 81
	00004884 408 81 85 82 79 81
	00014574 407 84 85 79 73 86
	00002498 406 74 90 71 86 85
	00006993 405 81 78 81 87 78
	00014274 404 80 72 82 87 83
	00009653 404 85 84 72 88 75
	00014905 404 83 76 86 80 79
	00015754 404 82 86 83 77 76
16384	0.004	快速优化: 正确
	倒序输出部分数据（即总分前若干名的数据）
	 学 号  总分 语 数 外 理 化
	00004779 412 89 83 70 82 88
	00015168 410 91 81 71 86 81
	00004884 408 81 85 82 79 81
	00014574 407 84 85 79 73 86
	00002498 406 74 90 71 86 85
	00006993 405 81 78 81 87 78
	00014905 404 83 76 86 80 79
	00009653 404 85 84 72 88 75
	00015754 404 82 86 83 77 76
	00014274 404 80 72 82 87 83
32768	0.016	快速排序: 正确
	倒序输出部分数据（即总分前若干名的数据）
	 学 号  总分 语 数 外 理 化
	00014948 414 85 86 71 84 88
	00026546 412 93 86 79 77 77
	00029930 408 79 91 82 79 77
	00001108 407 87 83 75 76 86
	00019763 407 79 77 84 84 83
	00009804 407 91 79 79 82 76
	00014059 406 74 90 87 74 81
	00029960 406 83 85 77 79 82
	00016346 406 89 87 71 85 74
	00015901 406 78 86 81 85 76
32768	0.016	快速优化: 正确
	倒序输出部分数据（即总分前若干名的数据）
	 学 号  总分 语 数 外 理 化
	00014948 414 85 86 71 84 88
	00026546 412 93 86 79 77 77
	00029930 408 79 91 82 79 77
	00009804 407 91 79 79 82 76
	00001108 407 87 83 75 76 86
	00019763 407 79 77 84 84 83
	00014059 406 74 90 87 74 81
	00016346 406 89 87 71 85 74
	00029960 406 83 85 77 79 82
	00015901 406 78 86 81 85 76
65536	0.058	快速排序: 正确
	倒序输出部分数据（即总分前若干名的数据）
	 学 号  总分 语 数 外 理 化
	00002771 417 80 80 88 90 79
	00059474 415 87 92 83 73 80
	00041240 412 86 81 87 75 83
	00064558 411 83 84 74 86 84
	00023253 410 79 85 84 79 83
	00048872 409 97 72 75 80 85
	00002142 409 77 78 88 92 74
	00059961 409 83 75 91 76 84
	00018067 409 88 79 78 83 81
	00054242 409 83 72 74 95 85
65536	0.071	快速优化: 正确
	倒序输出部分数据（即总分前若干名的数据）
	 学 号  总分 语 数 外 理 化
	00002771 417 80 80 88 90 79
	00059474 415 87 92 83 73 80
	00041240 412 86 81 87 75 83
	00064558 411 83 84 74 86 84
	00023253 410 79 85 84 79 83
	00018067 409 88 79 78 83 81
	00048872 409 97 72 75 80 85
	00054242 409 83 72 74 95 85
	00059961 409 83 75 91 76 84
	00002142 409 77 78 88 92 74
当前时间: 10:04:13.41
输入新时间: 
