当前日期: 2021/06/19 周六 
输入新日期: (年月日) 
当前时间: 16:39:57.63
输入新时间: 

数据类型: i (正态分布)
	冒泡排序	选择排序	快速排序
1024	0.002	0.001	0	冒泡排序: 正确	选择排序: 正确	快速排序: 正确
2048	0.007	0.005	0	冒泡排序: 正确	选择排序: 正确	快速排序: 正确
4096	0.028	0.019	0.001	冒泡排序: 正确	选择排序: 正确	快速排序: 正确
8192	0.137	0.072	0.003	冒泡排序: 正确	选择排序: 正确	快速排序: 正确
16384	0.623	0.28	0.012	冒泡排序: 正确	选择排序: 正确	快速排序: 正确
32768	2.591	1.083	0.047	冒泡排序: 正确	选择排序: 正确	快速排序: 正确
65536	10.693	4.309	0.172	冒泡排序: 正确	选择排序: 正确	快速排序: 正确

数据类型: i (均匀分布)
	冒泡排序	选择排序	快速排序
1024	0.001	0.001	0.001	冒泡排序: 正确	选择排序: 正确	快速排序: 正确
2048	0.006	0.004	0	冒泡排序: 正确	选择排序: 正确	快速排序: 正确
4096	0.027	0.018	0.001	冒泡排序: 正确	选择排序: 正确	快速排序: 正确
8192	0.136	0.072	0.002	冒泡排序: 正确	选择排序: 正确	快速排序: 正确
16384	0.609	0.275	0.007	冒泡排序: 正确	选择排序: 正确	快速排序: 正确
32768	2.585	1.081	0.03	冒泡排序: 正确	选择排序: 正确	快速排序: 正确
65536	10.71	4.338	0.125	冒泡排序: 正确	选择排序: 正确	快速排序: 正确

数据类型: i (完全顺序)
	冒泡排序	选择排序	快速排序
1024	0.002	0.001	0.001	冒泡排序: 正确	选择排序: 正确	快速排序: 正确
2048	0.005	0.004	0.005	冒泡排序: 正确	选择排序: 正确	快速排序: 正确
4096	0.018	0.018	0.02	冒泡排序: 正确	选择排序: 正确	快速排序: 正确
8192	0.076	0.074	0.079	冒泡排序: 正确	选择排序: 正确	快速排序: 正确
16384	0.308	0.277	0.301	冒泡排序: 正确	选择排序: 正确	快速排序: 正确
32768	1.218	1.089	1.185	冒泡排序: 正确	选择排序: 正确	快速排序: 正确
65536	4.87	4.341	
	冒泡排序: 正确	选择排序: 正确	快速排序：由于递归层次太深，可能导致栈溢出，故跳过。

数据类型: i (完全逆序)
	冒泡排序	选择排序	快速排序
1024	0.002	0.001	0.002	冒泡排序: 正确	选择排序: 正确	快速排序: 正确
2048	0.007	0.004	0.004	冒泡排序: 正确	选择排序: 正确	快速排序: 正确
4096	0.029	0.016	0.019	冒泡排序: 正确	选择排序: 正确	快速排序: 正确
8192	0.117	0.061	0.075	冒泡排序: 正确	选择排序: 正确	快速排序: 正确
16384	0.46	0.255	0.298	冒泡排序: 正确	选择排序: 正确	快速排序: 正确
32768	1.867	0.966	1.17	冒泡排序: 正确	选择排序: 正确	快速排序: 正确
65536	7.412	3.845	
	冒泡排序: 正确	选择排序: 正确	快速排序：由于递归层次太深，可能导致栈溢出，故跳过。

数据类型: d (正态分布)
	冒泡排序	选择排序	快速排序
1024	0.003	0.001	0	冒泡排序: 正确	选择排序: 正确	快速排序: 正确
2048	0.013	0.004	0.001	冒泡排序: 正确	选择排序: 正确	快速排序: 正确
4096	0.052	0.017	0	冒泡排序: 正确	选择排序: 正确	快速排序: 正确
8192	0.205	0.068	0.001	冒泡排序: 正确	选择排序: 正确	快速排序: 正确
16384	0.83	0.279	0.002	冒泡排序: 正确	选择排序: 正确	快速排序: 正确
32768	3.342	1.089	0.005	冒泡排序: 正确	选择排序: 正确	快速排序: 正确
65536	13.374	4.341	0.009	冒泡排序: 正确	选择排序: 正确	快速排序: 正确

数据类型: d (均匀分布)
	冒泡排序	选择排序	快速排序
1024	0.003	0.001	0	冒泡排序: 正确	选择排序: 正确	快速排序: 正确
2048	0.013	0.004	0	冒泡排序: 正确	选择排序: 正确	快速排序: 正确
4096	0.05	0.017	0.001	冒泡排序: 正确	选择排序: 正确	快速排序: 正确
8192	0.206	0.069	0.001	冒泡排序: 正确	选择排序: 正确	快速排序: 正确
16384	0.844	0.28	0.002	冒泡排序: 正确	选择排序: 正确	快速排序: 正确
32768	3.365	1.098	0.005	冒泡排序: 正确	选择排序: 正确	快速排序: 正确
65536	13.443	4.323	0.008	冒泡排序: 正确	选择排序: 正确	快速排序: 正确

数据类型: d (完全顺序)
	冒泡排序	选择排序	快速排序
1024	0.001	0.001	0.001	冒泡排序: 正确	选择排序: 正确	快速排序: 正确
2048	0.005	0.004	0.005	冒泡排序: 正确	选择排序: 正确	快速排序: 正确
4096	0.018	0.017	0.016	冒泡排序: 正确	选择排序: 正确	快速排序: 正确
8192	0.074	0.067	0.069	冒泡排序: 正确	选择排序: 正确	快速排序: 正确
16384	0.301	0.267	0.266	冒泡排序: 正确	选择排序: 正确	快速排序: 正确
32768	1.199	1.065	1.054	冒泡排序: 正确	选择排序: 正确	快速排序: 正确
65536	4.798	4.282	
	冒泡排序: 正确	选择排序: 正确	快速排序：由于递归层次太深，可能导致栈溢出，故跳过。

数据类型: d (完全逆序)
	冒泡排序	选择排序	快速排序
1024	0.002	0.001	0.001	冒泡排序: 正确	选择排序: 正确	快速排序: 正确
2048	0.009	0.004	0.004	冒泡排序: 正确	选择排序: 正确	快速排序: 正确
4096	0.035	0.018	0.016	冒泡排序: 正确	选择排序: 正确	快速排序: 正确
8192	0.139	0.071	0.061	冒泡排序: 正确	选择排序: 正确	快速排序: 正确
16384	0.532	0.284	0.251	冒泡排序: 正确	选择排序: 正确	快速排序: 正确
32768	2.143	1.154	0.994	冒泡排序: 正确	选择排序: 正确	快速排序: 正确
65536	8.636	4.552	
	冒泡排序: 正确	选择排序: 正确	快速排序：由于递归层次太深，可能导致栈溢出，故跳过。

原始数据分布: 正态分布, 数据类型 = 5Score
1024	0.004	冒泡排序: 正确
	倒序输出部分数据（即总分前若干名的数据）
	 学 号  总分 语 数 外 理 化
	00000020 406 81 71 88 88 78
	00000556 400 77 80 88 72 83
	00000399 397 80 80 77 78 82
	00000508 396 77 80 72 82 85
	00000213 396 75 78 83 85 75
	00000968 395 90 65 73 85 82
	00000567 395 84 80 78 83 70
	00000192 395 78 87 83 76 71
	00000958 393 70 72 83 82 86
	00000002 393 84 69 75 79 86
1024	0.001	选择排序: 正确
	倒序输出部分数据（即总分前若干名的数据）
	 学 号  总分 语 数 外 理 化
	00000020 406 81 71 88 88 78
	00000556 400 77 80 88 72 83
	00000399 397 80 80 77 78 82
	00000508 396 77 80 72 82 85
	00000213 396 75 78 83 85 75
	00000192 395 78 87 83 76 71
	00000968 395 90 65 73 85 82
	00000567 395 84 80 78 83 70
	00000002 393 84 69 75 79 86
	00000958 393 70 72 83 82 86
1024	0	快速排序: 正确
	倒序输出部分数据（即总分前若干名的数据）
	 学 号  总分 语 数 外 理 化
	00000020 406 81 71 88 88 78
	00000556 400 77 80 88 72 83
	00000399 397 80 80 77 78 82
	00000508 396 77 80 72 82 85
	00000213 396 75 78 83 85 75
	00000192 395 78 87 83 76 71
	00000968 395 90 65 73 85 82
	00000567 395 84 80 78 83 70
	00000002 393 84 69 75 79 86
	00000958 393 70 72 83 82 86
2048	0.018	冒泡排序: 正确
	倒序输出部分数据（即总分前若干名的数据）
	 学 号  总分 语 数 外 理 化
	00001815 408 85 77 81 83 82
	00001427 398 79 90 76 77 76
	00000495 398 85 85 76 74 78
	00001851 396 79 84 71 80 82
	00001783 396 84 85 78 72 77
	00000934 396 89 75 68 75 89
	00001729 395 80 73 82 73 87
	00000499 395 82 81 77 81 74
	00001297 394 71 92 71 75 85
	00001161 394 77 85 84 67 81
2048	0.005	选择排序: 正确
	倒序输出部分数据（即总分前若干名的数据）
	 学 号  总分 语 数 外 理 化
	00001815 408 85 77 81 83 82
	00000495 398 85 85 76 74 78
	00001427 398 79 90 76 77 76
	00001783 396 84 85 78 72 77
	00000934 396 89 75 68 75 89
	00001851 396 79 84 71 80 82
	00001729 395 80 73 82 73 87
	00000499 395 82 81 77 81 74
	00001297 394 71 92 71 75 85
	00001161 394 77 85 84 67 81
2048	0	快速排序: 正确
	倒序输出部分数据（即总分前若干名的数据）
	 学 号  总分 语 数 外 理 化
	00001815 408 85 77 81 83 82
	00001427 398 79 90 76 77 76
	00000495 398 85 85 76 74 78
	00001783 396 84 85 78 72 77
	00000934 396 89 75 68 75 89
	00001851 396 79 84 71 80 82
	00001729 395 80 73 82 73 87
	00000499 395 82 81 77 81 74
	00001297 394 71 92 71 75 85
	00001161 394 77 85 84 67 81
4096	0.081	冒泡排序: 正确
	倒序输出部分数据（即总分前若干名的数据）
	 学 号  总分 语 数 外 理 化
	00003315 408 89 77 82 78 82
	00000066 404 74 87 79 76 88
	00002196 403 77 73 82 90 81
	00001119 402 83 76 81 83 79
	00003283 400 76 76 82 83 83
	00002539 400 80 87 82 78 73
	00001018 400 77 76 77 84 86
	00000422 400 79 75 87 68 91
	00002264 399 85 84 80 71 79
	00000332 399 74 83 78 76 88
4096	0.025	选择排序: 正确
	倒序输出部分数据（即总分前若干名的数据）
	 学 号  总分 语 数 外 理 化
	00003315 408 89 77 82 78 82
	00000066 404 74 87 79 76 88
	00002196 403 77 73 82 90 81
	00001119 402 83 76 81 83 79
	00003283 400 76 76 82 83 83
	00002539 400 80 87 82 78 73
	00000422 400 79 75 87 68 91
	00001018 400 77 76 77 84 86
	00002264 399 85 84 80 71 79
	00000332 399 74 83 78 76 88
4096	0.001	快速排序: 正确
	倒序输出部分数据（即总分前若干名的数据）
	 学 号  总分 语 数 外 理 化
	00003315 408 89 77 82 78 82
	00000066 404 74 87 79 76 88
	00002196 403 77 73 82 90 81
	00001119 402 83 76 81 83 79
	00002539 400 80 87 82 78 73
	00003283 400 76 76 82 83 83
	00001018 400 77 76 77 84 86
	00000422 400 79 75 87 68 91
	00002264 399 85 84 80 71 79
	00000008 399 75 72 88 66 98
8192	0.349	冒泡排序: 正确
	倒序输出部分数据（即总分前若干名的数据）
	 学 号  总分 语 数 外 理 化
	00004243 410 86 76 81 83 84
	00006952 406 76 84 81 83 82
	00003053 406 87 87 81 71 80
	00007254 404 77 82 89 76 80
	00000184 404 89 84 86 74 71
	00006116 403 80 79 76 86 82
	00006691 401 82 75 90 75 79
	00004466 401 84 81 82 79 75
	00000687 401 82 82 81 71 85
	00006944 400 80 84 81 78 77
8192	0.094	选择排序: 正确
	倒序输出部分数据（即总分前若干名的数据）
	 学 号  总分 语 数 外 理 化
	00004243 410 86 76 81 83 84
	00006952 406 76 84 81 83 82
	00003053 406 87 87 81 71 80
	00007254 404 77 82 89 76 80
	00000184 404 89 84 86 74 71
	00006116 403 80 79 76 86 82
	00004466 401 84 81 82 79 75
	00006691 401 82 75 90 75 79
	00000687 401 82 82 81 71 85
	00001985 400 81 80 73 76 90
8192	0.002	快速排序: 正确
	倒序输出部分数据（即总分前若干名的数据）
	 学 号  总分 语 数 外 理 化
	00004243 410 86 76 81 83 84
	00006952 406 76 84 81 83 82
	00003053 406 87 87 81 71 80
	00000184 404 89 84 86 74 71
	00007254 404 77 82 89 76 80
	00006116 403 80 79 76 86 82
	00004466 401 84 81 82 79 75
	00006691 401 82 75 90 75 79
	00000687 401 82 82 81 71 85
	00006944 400 80 84 81 78 77
16384	1.408	冒泡排序: 正确
	倒序输出部分数据（即总分前若干名的数据）
	 学 号  总分 语 数 外 理 化
	00009929 416 89 78 92 79 78
	00012028 413 86 87 79 79 82
	00011071 413 85 83 71 86 88
	00014125 411 77 89 86 84 75
	00002160 408 84 87 82 82 73
	00011839 407 86 92 75 80 74
	00011814 404 80 85 84 79 76
	00010121 404 74 85 85 77 83
	00007708 404 84 84 77 79 80
	00006969 404 77 83 78 81 85
16384	0.398	选择排序: 正确
	倒序输出部分数据（即总分前若干名的数据）
	 学 号  总分 语 数 外 理 化
	00009929 416 89 78 92 79 78
	00012028 413 86 87 79 79 82
	00011071 413 85 83 71 86 88
	00014125 411 77 89 86 84 75
	00002160 408 84 87 82 82 73
	00011839 407 86 92 75 80 74
	00011814 404 80 85 84 79 76
	00010121 404 74 85 85 77 83
	00006969 404 77 83 78 81 85
	00007708 404 84 84 77 79 80
16384	0.009	快速排序: 正确
	倒序输出部分数据（即总分前若干名的数据）
	 学 号  总分 语 数 外 理 化
	00009929 416 89 78 92 79 78
	00012028 413 86 87 79 79 82
	00011071 413 85 83 71 86 88
	00014125 411 77 89 86 84 75
	00002160 408 84 87 82 82 73
	00011839 407 86 92 75 80 74
	00010121 404 74 85 85 77 83
	00007708 404 84 84 77 79 80
	00011814 404 80 85 84 79 76
	00006969 404 77 83 78 81 85
32768	5.705	冒泡排序: 正确
	倒序输出部分数据（即总分前若干名的数据）
	 学 号  总分 语 数 外 理 化
	00024387 415 84 88 80 83 80
	00000254 411 85 77 79 77 93
	00010650 410 86 84 85 77 78
	00010956 407 84 89 78 82 74
	00030849 406 87 79 86 84 70
	00017655 406 78 79 79 75 95
	00032326 405 84 79 79 79 84
	00020955 404 82 75 78 76 93
	00019047 404 74 81 84 86 79
	00009230 404 86 78 86 73 81
32768	1.65	选择排序: 正确
	倒序输出部分数据（即总分前若干名的数据）
	 学 号  总分 语 数 外 理 化
	00024387 415 84 88 80 83 80
	00000254 411 85 77 79 77 93
	00010650 410 86 84 85 77 78
	00010956 407 84 89 78 82 74
	00017655 406 78 79 79 75 95
	00030849 406 87 79 86 84 70
	00032326 405 84 79 79 79 84
	00019047 404 74 81 84 86 79
	00009230 404 86 78 86 73 81
	00020955 404 82 75 78 76 93
32768	0.03	快速排序: 正确
	倒序输出部分数据（即总分前若干名的数据）
	 学 号  总分 语 数 外 理 化
	00024387 415 84 88 80 83 80
	00000254 411 85 77 79 77 93
	00010650 410 86 84 85 77 78
	00010956 407 84 89 78 82 74
	00030849 406 87 79 86 84 70
	00017655 406 78 79 79 75 95
	00032326 405 84 79 79 79 84
	00020955 404 82 75 78 76 93
	00019047 404 74 81 84 86 79
	00009230 404 86 78 86 73 81
65536	23.296	冒泡排序: 正确
	倒序输出部分数据（即总分前若干名的数据）
	 学 号  总分 语 数 外 理 化
	00003034 424 96 88 85 74 81
	00035655 418 86 82 79 88 83
	00020933 413 88 76 80 86 83
	00006423 413 84 76 82 80 91
	00047829 411 90 83 77 87 74
	00004852 411 78 87 76 82 88
	00000878 411 80 74 91 77 89
	00044589 410 82 91 75 81 81
	00046374 409 84 79 92 81 73
	00036406 409 72 76 85 86 90
65536	6.865	选择排序: 正确
	倒序输出部分数据（即总分前若干名的数据）
	 学 号  总分 语 数 外 理 化
	00003034 424 96 88 85 74 81
	00035655 418 86 82 79 88 83
	00020933 413 88 76 80 86 83
	00006423 413 84 76 82 80 91
	00004852 411 78 87 76 82 88
	00000878 411 80 74 91 77 89
	00047829 411 90 83 77 87 74
	00044589 410 82 91 75 81 81
	00046374 409 84 79 92 81 73
	00001142 409 88 81 87 72 81
65536	0.125	快速排序: 正确
	倒序输出部分数据（即总分前若干名的数据）
	 学 号  总分 语 数 外 理 化
	00003034 424 96 88 85 74 81
	00035655 418 86 82 79 88 83
	00020933 413 88 76 80 86 83
	00006423 413 84 76 82 80 91
	00047829 411 90 83 77 87 74
	00000878 411 80 74 91 77 89
	00004852 411 78 87 76 82 88
	00044589 410 82 91 75 81 81
	00046374 409 84 79 92 81 73
	00036406 409 72 76 85 86 90

	*** 多种不同存储方式的C-字符串数组的排序 ***

原始数据: enter, number, size, begin, of, cat, case, program, certain, a, cake, side
请完成函数 BubbleA 的定义，执行排序操作。
排序结果: enter, number, size, begin, of, cat, case, program, certain, a, cake, side

原始数据: enter, number, size, begin, of, cat, case, program, certain, an, cake, side
请完成函数 BubbleB 的定义，执行排序操作。
排序结果: enter, number, size, begin, of, cat, case, program, certain, an, cake, side

原始数据: enter, number, size, begin, of, cat, case, program, certain, a, cake, side
请完成函数 BubbleB 的定义，执行排序操作。
排序结果: enter, number, size, begin, of, cat, case, program, certain, a, cake, side

原始数据: enter, number, size, begin, of, cat, case, program, certain, an, cake, side
请完成函数 BubbleB 的定义，执行排序操作。
排序结果: enter, number, size, begin, of, cat, case, program, certain, an, cake, side
当前时间: 16:43:08.33
输入新时间: 

数据类型: i (正态分布)
	冒泡排序	选择排序	快速排序
1024	0.002	0.002	0	冒泡排序: 正确	选择排序: 正确	快速排序: 正确
2048	0.006	0.005	0	冒泡排序: 正确	选择排序: 正确	快速排序: 正确
4096	0.03	0.021	0.001	冒泡排序: 正确	选择排序: 正确	快速排序: 正确
8192	0.146	0.078	0.003	冒泡排序: 正确	选择排序: 正确	快速排序: 正确
16384	0.635	0.288	0.013	冒泡排序: 正确	选择排序: 正确	快速排序: 正确
32768	2.676	1.129	0.048	冒泡排序: 正确	选择排序: 正确	快速排序: 正确
65536	11.112	4.505	0.214	冒泡排序: 正确	选择排序: 正确	快速排序: 正确

数据类型: i (均匀分布)
	冒泡排序	选择排序	快速排序
1024	0.002	0.001	0	冒泡排序: 正确	选择排序: 正确	快速排序: 正确
2048	0.007	0.005	0	冒泡排序: 正确	选择排序: 正确	快速排序: 正确
4096	0.029	0.019	0.001	冒泡排序: 正确	选择排序: 正确	快速排序: 正确
8192	0.143	0.074	0.003	冒泡排序: 正确	选择排序: 正确	快速排序: 正确
16384	0.64	0.286	0.007	冒泡排序: 正确	选择排序: 正确	快速排序: 正确
32768	2.722	1.12	0.034	冒泡排序: 正确	选择排序: 正确	快速排序: 正确
65536	11.31	4.522	0.118	冒泡排序: 正确	选择排序: 正确	快速排序: 正确

数据类型: i (完全顺序)
	冒泡排序	选择排序	快速排序
1024	0.001	0.001	0.002	冒泡排序: 正确	选择排序: 正确	快速排序: 正确
2048	0.005	0.005	0.005	冒泡排序: 正确	选择排序: 正确	快速排序: 正确
4096	0.02	0.019	0.021	冒泡排序: 正确	选择排序: 正确	快速排序: 正确
8192	0.079	0.078	0.085	冒泡排序: 正确	选择排序: 正确	快速排序: 正确
16384	0.323	0.291	0.319	冒泡排序: 正确	选择排序: 正确	快速排序: 正确
32768	1.271	1.142	1.246	冒泡排序: 正确	选择排序: 正确	快速排序: 正确
65536	5.353	4.673	
	冒泡排序: 正确	选择排序: 正确	快速排序：由于递归层次太深，可能导致栈溢出，故跳过。

数据类型: i (完全逆序)
	冒泡排序	选择排序	快速排序
1024	0.002	0.001	0.002	冒泡排序: 正确	选择排序: 正确	快速排序: 正确
2048	0.007	0.004	0.005	冒泡排序: 正确	选择排序: 正确	快速排序: 正确
4096	0.029	0.017	0.02	冒泡排序: 正确	选择排序: 正确	快速排序: 正确
8192	0.12	0.067	0.079	冒泡排序: 正确	选择排序: 正确	快速排序: 正确
16384	0.487	0.257	0.314	冒泡排序: 正确	选择排序: 正确	快速排序: 正确
32768	1.962	1.001	1.214	冒泡排序: 正确	选择排序: 正确	快速排序: 正确
65536	7.727	3.908	
	冒泡排序: 正确	选择排序: 正确	快速排序：由于递归层次太深，可能导致栈溢出，故跳过。

数据类型: d (正态分布)
	冒泡排序	选择排序	快速排序
1024	0.003	0.001	0	冒泡排序: 正确	选择排序: 正确	快速排序: 正确
2048	0.013	0.005	0	冒泡排序: 正确	选择排序: 正确	快速排序: 正确
4096	0.052	0.017	0.001	冒泡排序: 正确	选择排序: 正确	快速排序: 正确
8192	0.217	0.072	0.001	冒泡排序: 正确	选择排序: 正确	快速排序: 正确
16384	0.85	0.288	0.003	冒泡排序: 正确	选择排序: 正确	快速排序: 正确
32768	3.451	1.18	0.004	冒泡排序: 正确	选择排序: 正确	快速排序: 正确
65536	14.127	4.73	0.009	冒泡排序: 正确	选择排序: 正确	快速排序: 正确

数据类型: d (均匀分布)
	冒泡排序	选择排序	快速排序
1024	0.004	0.001	0	冒泡排序: 正确	选择排序: 正确	快速排序: 正确
2048	0.015	0.005	0	冒泡排序: 正确	选择排序: 正确	快速排序: 正确
4096	0.058	0.02	0.001	冒泡排序: 正确	选择排序: 正确	快速排序: 正确
8192	0.228	0.077	0.001	冒泡排序: 正确	选择排序: 正确	快速排序: 正确
16384	0.895	0.302	0.002	冒泡排序: 正确	选择排序: 正确	快速排序: 正确
32768	3.522	1.215	0.004	冒泡排序: 正确	选择排序: 正确	快速排序: 正确
65536	13.842	4.537	0.009	冒泡排序: 正确	选择排序: 正确	快速排序: 正确

数据类型: d (完全顺序)
	冒泡排序	选择排序	快速排序
1024	0.001	0.001	0.002	冒泡排序: 正确	选择排序: 正确	快速排序: 正确
2048	0.004	0.005	0.004	冒泡排序: 正确	选择排序: 正确	快速排序: 正确
4096	0.02	0.016	0.017	冒泡排序: 正确	选择排序: 正确	快速排序: 正确
8192	0.077	0.069	0.068	冒泡排序: 正确	选择排序: 正确	快速排序: 正确
16384	0.305	0.268	0.27	冒泡排序: 正确	选择排序: 正确	快速排序: 正确
32768	1.204	1.078	1.095	冒泡排序: 正确	选择排序: 正确	快速排序: 正确
65536	4.984	4.483	
	冒泡排序: 正确	选择排序: 正确	快速排序：由于递归层次太深，可能导致栈溢出，故跳过。

数据类型: d (完全逆序)
	冒泡排序	选择排序	快速排序
1024	0.002	0.001	0.001	冒泡排序: 正确	选择排序: 正确	快速排序: 正确
2048	0.008	0.005	0.004	冒泡排序: 正确	选择排序: 正确	快速排序: 正确
4096	0.035	0.018	0.017	冒泡排序: 正确	选择排序: 正确	快速排序: 正确
8192	0.139	0.074	0.065	冒泡排序: 正确	选择排序: 正确	快速排序: 正确
16384	0.555	0.299	0.269	冒泡排序: 正确	选择排序: 正确	快速排序: 正确
32768	2.242	1.191	1.046	冒泡排序: 正确	选择排序: 正确	快速排序: 正确
65536	9.142	4.837	
	冒泡排序: 正确	选择排序: 正确	快速排序：由于递归层次太深，可能导致栈溢出，故跳过。

原始数据分布: 正态分布, 数据类型 = 5Score
1024	0.005	冒泡排序: 正确
	倒序输出部分数据（即总分前若干名的数据）
	 学 号  总分 语 数 外 理 化
	00000637 401 71 82 81 85 82
	00000782 397 79 80 70 85 83
	00000190 397 81 85 70 88 73
	00000114 397 73 87 74 84 79
	00000689 396 73 83 84 83 73
	00000393 396 85 78 81 78 74
	00000095 395 78 75 88 77 77
	00000078 395 82 69 73 86 85
	00000399 393 80 79 74 80 80
	00000088 393 80 65 86 82 80
1024	0.002	选择排序: 正确
	倒序输出部分数据（即总分前若干名的数据）
	 学 号  总分 语 数 外 理 化
	00000637 401 71 82 81 85 82
	00000782 397 79 80 70 85 83
	00000114 397 73 87 74 84 79
	00000190 397 81 85 70 88 73
	00000689 396 73 83 84 83 73
	00000393 396 85 78 81 78 74
	00000095 395 78 75 88 77 77
	00000078 395 82 69 73 86 85
	00000399 393 80 79 74 80 80
	00000088 393 80 65 86 82 80
1024	0	快速排序: 正确
	倒序输出部分数据（即总分前若干名的数据）
	 学 号  总分 语 数 外 理 化
	00000637 401 71 82 81 85 82
	00000114 397 73 87 74 84 79
	00000190 397 81 85 70 88 73
	00000782 397 79 80 70 85 83
	00000393 396 85 78 81 78 74
	00000689 396 73 83 84 83 73
	00000078 395 82 69 73 86 85
	00000095 395 78 75 88 77 77
	00000399 393 80 79 74 80 80
	00000030 393 80 80 77 77 79
2048	0.021	冒泡排序: 正确
	倒序输出部分数据（即总分前若干名的数据）
	 学 号  总分 语 数 外 理 化
	00001910 415 78 92 83 86 76
	00000996 402 89 75 85 81 72
	00002036 398 74 77 80 89 78
	00001249 398 74 81 73 86 84
	00001459 396 83 90 67 68 88
	00001385 396 73 72 81 85 85
	00000541 396 76 86 83 83 68
	00000185 396 75 74 77 81 89
	00001881 395 76 69 78 80 92
	00001635 395 88 80 70 74 83
2048	0.006	选择排序: 正确
	倒序输出部分数据（即总分前若干名的数据）
	 学 号  总分 语 数 外 理 化
	00001910 415 78 92 83 86 76
	00000996 402 89 75 85 81 72
	00002036 398 74 77 80 89 78
	00001249 398 74 81 73 86 84
	00001459 396 83 90 67 68 88
	00001385 396 73 72 81 85 85
	00000185 396 75 74 77 81 89
	00000541 396 76 86 83 83 68
	00001881 395 76 69 78 80 92
	00000557 395 81 73 71 85 85
2048	0	快速排序: 正确
	倒序输出部分数据（即总分前若干名的数据）
	 学 号  总分 语 数 外 理 化
	00001910 415 78 92 83 86 76
	00000996 402 89 75 85 81 72
	00001249 398 74 81 73 86 84
	00002036 398 74 77 80 89 78
	00001385 396 73 72 81 85 85
	00000541 396 76 86 83 83 68
	00000185 396 75 74 77 81 89
	00001459 396 83 90 67 68 88
	00001635 395 88 80 70 74 83
	00000557 395 81 73 71 85 85
4096	0.086	冒泡排序: 正确
	倒序输出部分数据（即总分前若干名的数据）
	 学 号  总分 语 数 外 理 化
	00000205 402 82 81 77 83 79
	00000045 402 80 80 73 87 82
	00000725 400 77 79 80 86 78
	00001781 399 75 75 84 84 81
	00001952 398 80 76 76 80 86
	00001561 397 74 73 84 81 85
	00001130 396 83 74 77 81 81
	00000988 396 74 80 69 93 80
	00000154 396 74 69 88 81 84
	00003517 395 86 79 79 79 72
4096	0.025	选择排序: 正确
	倒序输出部分数据（即总分前若干名的数据）
	 学 号  总分 语 数 外 理 化
	00000205 402 82 81 77 83 79
	00000045 402 80 80 73 87 82
	00000725 400 77 79 80 86 78
	00001781 399 75 75 84 84 81
	00001952 398 80 76 76 80 86
	00001561 397 74 73 84 81 85
	00000154 396 74 69 88 81 84
	00001130 396 83 74 77 81 81
	00000988 396 74 80 69 93 80
	00003517 395 86 79 79 79 72
4096	0	快速排序: 正确
	倒序输出部分数据（即总分前若干名的数据）
	 学 号  总分 语 数 外 理 化
	00000205 402 82 81 77 83 79
	00000045 402 80 80 73 87 82
	00000725 400 77 79 80 86 78
	00001781 399 75 75 84 84 81
	00001952 398 80 76 76 80 86
	00001561 397 74 73 84 81 85
	00000988 396 74 80 69 93 80
	00000154 396 74 69 88 81 84
	00001130 396 83 74 77 81 81
	00003517 395 86 79 79 79 72
8192	0.357	冒泡排序: 正确
	倒序输出部分数据（即总分前若干名的数据）
	 学 号  总分 语 数 外 理 化
	00000431 414 82 80 88 81 83
	00002616 408 84 80 73 77 94
	00004517 405 70 77 91 81 86
	00003046 404 82 85 82 80 75
	00006842 403 81 83 78 84 77
	00002000 403 81 88 76 82 76
	00000522 403 69 89 85 82 78
	00000293 403 76 76 85 86 80
	00002320 402 77 80 79 81 85
	00004791 400 79 75 81 88 77
8192	0.098	选择排序: 正确
	倒序输出部分数据（即总分前若干名的数据）
	 学 号  总分 语 数 外 理 化
	00000431 414 82 80 88 81 83
	00002616 408 84 80 73 77 94
	00004517 405 70 77 91 81 86
	00003046 404 82 85 82 80 75
	00000293 403 76 76 85 86 80
	00002000 403 81 88 76 82 76
	00000522 403 69 89 85 82 78
	00006842 403 81 83 78 84 77
	00002320 402 77 80 79 81 85
	00004791 400 79 75 81 88 77
8192	0.003	快速排序: 正确
	倒序输出部分数据（即总分前若干名的数据）
	 学 号  总分 语 数 外 理 化
	00000431 414 82 80 88 81 83
	00002616 408 84 80 73 77 94
	00004517 405 70 77 91 81 86
	00003046 404 82 85 82 80 75
	00000522 403 69 89 85 82 78
	00006842 403 81 83 78 84 77
	00002000 403 81 88 76 82 76
	00000293 403 76 76 85 86 80
	00002320 402 77 80 79 81 85
	00002166 400 82 86 73 74 85
16384	1.473	冒泡排序: 正确
	倒序输出部分数据（即总分前若干名的数据）
	 学 号  总分 语 数 外 理 化
	00003429 411 94 79 76 84 78
	00015061 409 87 84 77 83 78
	00001309 409 87 80 68 88 86
	00000801 409 74 84 79 85 87
	00016188 407 77 86 83 78 83
	00012563 406 82 74 76 80 94
	00006579 406 82 80 89 87 68
	00000339 406 85 74 93 77 77
	00014390 405 80 86 77 78 84
	00011668 405 82 79 83 90 71
16384	0.426	选择排序: 正确
	倒序输出部分数据（即总分前若干名的数据）
	 学 号  总分 语 数 外 理 化
	00003429 411 94 79 76 84 78
	00000801 409 74 84 79 85 87
	00001309 409 87 80 68 88 86
	00015061 409 87 84 77 83 78
	00016188 407 77 86 83 78 83
	00012563 406 82 74 76 80 94
	00006579 406 82 80 89 87 68
	00000339 406 85 74 93 77 77
	00011668 405 82 79 83 90 71
	00014390 405 80 86 77 78 84
16384	0.009	快速排序: 正确
	倒序输出部分数据（即总分前若干名的数据）
	 学 号  总分 语 数 外 理 化
	00003429 411 94 79 76 84 78
	00000801 409 74 84 79 85 87
	00015061 409 87 84 77 83 78
	00001309 409 87 80 68 88 86
	00016188 407 77 86 83 78 83
	00012563 406 82 74 76 80 94
	00006579 406 82 80 89 87 68
	00000339 406 85 74 93 77 77
	00011668 405 82 79 83 90 71
	00006611 405 73 94 75 81 82
32768	5.947	冒泡排序: 正确
	倒序输出部分数据（即总分前若干名的数据）
	 学 号  总分 语 数 外 理 化
	00007902 411 81 73 83 84 90
	00026847 408 91 78 84 80 75
	00023642 407 80 85 70 94 78
	00020114 407 83 91 74 80 79
	00028229 406 77 73 90 88 78
	00017837 406 76 81 90 77 82
	00002514 406 76 80 84 88 78
	00030717 405 83 80 83 79 80
	00025607 405 84 79 81 74 87
	00020792 405 84 81 90 76 74
32768	1.678	选择排序: 正确
	倒序输出部分数据（即总分前若干名的数据）
	 学 号  总分 语 数 外 理 化
	00007902 411 81 73 83 84 90
	00026847 408 91 78 84 80 75
	00023642 407 80 85 70 94 78
	00020114 407 83 91 74 80 79
	00017837 406 76 81 90 77 82
	00028229 406 77 73 90 88 78
	00002514 406 76 80 84 88 78
	00025607 405 84 79 81 74 87
	00020792 405 84 81 90 76 74
	00014373 405 83 78 80 90 74
32768	0.032	快速排序: 正确
	倒序输出部分数据（即总分前若干名的数据）
	 学 号  总分 语 数 外 理 化
	00007902 411 81 73 83 84 90
	00026847 408 91 78 84 80 75
	00020114 407 83 91 74 80 79
	00023642 407 80 85 70 94 78
	00028229 406 77 73 90 88 78
	00017837 406 76 81 90 77 82
	00002514 406 76 80 84 88 78
	00010406 405 80 77 92 79 77
	00014373 405 83 78 80 90 74
	00030717 405 83 80 83 79 80
65536	24.085	冒泡排序: 正确
	倒序输出部分数据（即总分前若干名的数据）
	 学 号  总分 语 数 外 理 化
	00035373 417 92 82 74 79 90
	00046164 412 87 79 85 85 76
	00049273 411 81 92 76 83 79
	00046579 411 89 73 80 88 81
	00026830 410 70 77 85 91 87
	00008184 410 75 95 83 76 81
	00002658 410 80 82 81 81 86
	00061933 409 83 80 83 80 83
	00046890 409 79 78 77 83 92
	00018628 409 87 82 77 84 79
65536	6.809	选择排序: 正确
	倒序输出部分数据（即总分前若干名的数据）
	 学 号  总分 语 数 外 理 化
	00035373 417 92 82 74 79 90
	00046164 412 87 79 85 85 76
	00049273 411 81 92 76 83 79
	00046579 411 89 73 80 88 81
	00002658 410 80 82 81 81 86
	00008184 410 75 95 83 76 81
	00026830 410 70 77 85 91 87
	00018628 409 87 82 77 84 79
	00017694 409 85 81 79 75 89
	00046890 409 79 78 77 83 92
65536	0.115	快速排序: 正确
	倒序输出部分数据（即总分前若干名的数据）
	 学 号  总分 语 数 外 理 化
	00035373 417 92 82 74 79 90
	00046164 412 87 79 85 85 76
	00046579 411 89 73 80 88 81
	00049273 411 81 92 76 83 79
	00002658 410 80 82 81 81 86
	00008184 410 75 95 83 76 81
	00026830 410 70 77 85 91 87
	00017694 409 85 81 79 75 89
	00061933 409 83 80 83 80 83
	00018628 409 87 82 77 84 79

	*** 多种不同存储方式的C-字符串数组的排序 ***

原始数据: enter, number, size, begin, of, cat, case, program, certain, a, cake, side
请完成函数 BubbleA 的定义，执行排序操作。
排序结果: enter, number, size, begin, of, cat, case, program, certain, a, cake, side

原始数据: enter, number, size, begin, of, cat, case, program, certain, an, cake, side
请完成函数 BubbleB 的定义，执行排序操作。
排序结果: enter, number, size, begin, of, cat, case, program, certain, an, cake, side

原始数据: enter, number, size, begin, of, cat, case, program, certain, a, cake, side
请完成函数 BubbleB 的定义，执行排序操作。
排序结果: enter, number, size, begin, of, cat, case, program, certain, a, cake, side

原始数据: enter, number, size, begin, of, cat, case, program, certain, an, cake, side
请完成函数 BubbleB 的定义，执行排序操作。
排序结果: enter, number, size, begin, of, cat, case, program, certain, an, cake, side
当前时间: 16:46:27.65
输入新时间: 
