当前日期: 2021/06/19 周六 
输入新日期: (年月日) 
当前时间: 16:53:07.20
输入新时间: 

数据类型: i (正态分布)
	冒泡排序	选择排序	快速排序
1024	0.002	0	0	冒泡排序: 正确	选择排序: 正确	快速排序: 正确
2048	0.004	0.003	0	冒泡排序: 正确	选择排序: 正确	快速排序: 正确
4096	0.013	0.008	0	冒泡排序: 正确	选择排序: 正确	快速排序: 正确
8192	0.065	0.031	0	冒泡排序: 正确	选择排序: 正确	快速排序: 正确
16384	0.3	0.125	0.003	冒泡排序: 正确	选择排序: 正确	快速排序: 正确
32768	1.37	0.494	0.008	冒泡排序: 正确	选择排序: 正确	快速排序: 正确
65536	5.417	1.97	0.031	冒泡排序: 正确	选择排序: 正确	快速排序: 正确

数据类型: i (均匀分布)
	冒泡排序	选择排序	快速排序
1024	0.001	0	0	冒泡排序: 正确	选择排序: 正确	快速排序: 正确
2048	0.003	0.001	0.001	冒泡排序: 正确	选择排序: 正确	快速排序: 正确
4096	0.012	0.008	0	冒泡排序: 正确	选择排序: 正确	快速排序: 正确
8192	0.063	0.033	0	冒泡排序: 正确	选择排序: 正确	快速排序: 正确
16384	0.301	0.123	0.002	冒泡排序: 正确	选择排序: 正确	快速排序: 正确
32768	1.312	0.497	0.005	冒泡排序: 正确	选择排序: 正确	快速排序: 正确
65536	5.435	1.983	0.018	冒泡排序: 正确	选择排序: 正确	快速排序: 正确

数据类型: i (完全顺序)
	冒泡排序	选择排序	快速排序
1024	0	0	0.001	冒泡排序: 正确	选择排序: 正确	快速排序: 正确
2048	0.001	0.002	0	冒泡排序: 正确	选择排序: 正确	快速排序: 正确
4096	0.005	0.008	0.003	冒泡排序: 正确	选择排序: 正确	快速排序: 正确
8192	0.017	0.033	0.012	冒泡排序: 正确	选择排序: 正确	快速排序: 正确
16384	0.071	0.13	0.045	冒泡排序: 正确	选择排序: 正确	快速排序: 正确
32768	0.284	0.514	0.18	冒泡排序: 正确	选择排序: 正确	快速排序: 正确
65536	1.152	2.045	
	冒泡排序: 正确	选择排序: 正确	快速排序：由于递归层次太深，可能导致栈溢出，故跳过。

数据类型: i (完全逆序)
	冒泡排序	选择排序	快速排序
1024	0.001	0	0.001	冒泡排序: 正确	选择排序: 正确	快速排序: 正确
2048	0.002	0.002	0	冒泡排序: 正确	选择排序: 正确	快速排序: 正确
4096	0.01	0.007	0.003	冒泡排序: 正确	选择排序: 正确	快速排序: 正确
8192	0.041	0.023	0.012	冒泡排序: 正确	选择排序: 正确	快速排序: 正确
16384	0.165	0.091	0.046	冒泡排序: 正确	选择排序: 正确	快速排序: 正确
32768	0.664	0.375	0.184	冒泡排序: 正确	选择排序: 正确	快速排序: 正确
65536	2.654	1.46	
	冒泡排序: 正确	选择排序: 正确	快速排序：由于递归层次太深，可能导致栈溢出，故跳过。

数据类型: d (正态分布)
	冒泡排序	选择排序	快速排序
1024	0.001	0.001	0	冒泡排序: 正确	选择排序: 正确	快速排序: 正确
2048	0.005	0.002	0	冒泡排序: 正确	选择排序: 正确	快速排序: 正确
4096	0.019	0.007	0	冒泡排序: 正确	选择排序: 正确	快速排序: 正确
8192	0.099	0.028	0.001	冒泡排序: 正确	选择排序: 正确	快速排序: 正确
16384	0.441	0.111	0.001	冒泡排序: 正确	选择排序: 正确	快速排序: 正确
32768	1.935	0.432	0.002	冒泡排序: 正确	选择排序: 正确	快速排序: 正确
65536	8.093	1.731	0.006	冒泡排序: 正确	选择排序: 正确	快速排序: 正确

数据类型: d (均匀分布)
	冒泡排序	选择排序	快速排序
1024	0.001	0.001	0	冒泡排序: 正确	选择排序: 正确	快速排序: 正确
2048	0.004	0.001	0	冒泡排序: 正确	选择排序: 正确	快速排序: 正确
4096	0.019	0.008	0	冒泡排序: 正确	选择排序: 正确	快速排序: 正确
8192	0.097	0.028	0	冒泡排序: 正确	选择排序: 正确	快速排序: 正确
16384	0.441	0.107	0.002	冒泡排序: 正确	选择排序: 正确	快速排序: 正确
32768	1.93	0.429	0.003	冒泡排序: 正确	选择排序: 正确	快速排序: 正确
65536	8.036	1.736	0.005	冒泡排序: 正确	选择排序: 正确	快速排序: 正确

数据类型: d (完全顺序)
	冒泡排序	选择排序	快速排序
1024	0	0.001	0	冒泡排序: 正确	选择排序: 正确	快速排序: 正确
2048	0.004	0.001	0.003	冒泡排序: 正确	选择排序: 正确	快速排序: 正确
4096	0.013	0.007	0.009	冒泡排序: 正确	选择排序: 正确	快速排序: 正确
8192	0.053	0.026	0.035	冒泡排序: 正确	选择排序: 正确	快速排序: 正确
16384	0.212	0.106	0.14	冒泡排序: 正确	选择排序: 正确	快速排序: 正确
32768	0.849	0.426	0.566	冒泡排序: 正确	选择排序: 正确	快速排序: 正确
65536	3.419	1.734	
	冒泡排序: 正确	选择排序: 正确	快速排序：由于递归层次太深，可能导致栈溢出，故跳过。

数据类型: d (完全逆序)
	冒泡排序	选择排序	快速排序
1024	0.001	0.001	0	冒泡排序: 正确	选择排序: 正确	快速排序: 正确
2048	0.003	0.002	0.002	冒泡排序: 正确	选择排序: 正确	快速排序: 正确
4096	0.013	0.008	0.008	冒泡排序: 正确	选择排序: 正确	快速排序: 正确
8192	0.053	0.031	0.031	冒泡排序: 正确	选择排序: 正确	快速排序: 正确
16384	0.213	0.125	0.125	冒泡排序: 正确	选择排序: 正确	快速排序: 正确
32768	0.855	0.497	0.507	冒泡排序: 正确	选择排序: 正确	快速排序: 正确
65536	3.412	2	
	冒泡排序: 正确	选择排序: 正确	快速排序：由于递归层次太深，可能导致栈溢出，故跳过。

原始数据分布: 正态分布, 数据类型 = 5Score
1024	0.002	冒泡排序: 正确
	倒序输出部分数据（即总分前若干名的数据）
	 学 号  总分 语 数 外 理 化
	00000032 404 75 81 84 82 82
	00000228 403 84 74 82 85 78
	00000782 402 83 83 78 76 82
	00000281 401 84 83 70 79 85
	00000403 395 72 88 77 75 83
	00000526 394 87 81 69 85 72
	00000117 393 87 90 74 75 67
	00000076 393 74 79 79 85 76
	00000890 392 75 82 80 74 81
	00000873 392 87 75 72 78 80
1024	0	选择排序: 正确
	倒序输出部分数据（即总分前若干名的数据）
	 学 号  总分 语 数 外 理 化
	00000032 404 75 81 84 82 82
	00000228 403 84 74 82 85 78
	00000782 402 83 83 78 76 82
	00000281 401 84 83 70 79 85
	00000403 395 72 88 77 75 83
	00000526 394 87 81 69 85 72
	00000076 393 74 79 79 85 76
	00000117 393 87 90 74 75 67
	00000890 392 75 82 80 74 81
	00000779 392 80 75 77 78 82
1024	0	快速排序: 正确
	倒序输出部分数据（即总分前若干名的数据）
	 学 号  总分 语 数 外 理 化
	00000032 404 75 81 84 82 82
	00000228 403 84 74 82 85 78
	00000782 402 83 83 78 76 82
	00000281 401 84 83 70 79 85
	00000403 395 72 88 77 75 83
	00000526 394 87 81 69 85 72
	00000117 393 87 90 74 75 67
	00000076 393 74 79 79 85 76
	00000779 392 80 75 77 78 82
	00000890 392 75 82 80 74 81
2048	0.008	冒泡排序: 正确
	倒序输出部分数据（即总分前若干名的数据）
	 学 号  总分 语 数 外 理 化
	00001084 401 79 81 82 84 75
	00000947 399 79 83 81 79 77
	00000544 398 81 79 82 83 73
	00001427 396 79 75 86 77 79
	00000430 393 92 72 80 67 82
	00000279 393 83 88 76 65 81
	00001931 392 87 72 84 78 71
	00001733 392 78 78 82 78 76
	00002028 391 81 81 73 76 80
	00001930 391 66 91 80 71 83
2048	0.002	选择排序: 正确
	倒序输出部分数据（即总分前若干名的数据）
	 学 号  总分 语 数 外 理 化
	00001084 401 79 81 82 84 75
	00000947 399 79 83 81 79 77
	00000544 398 81 79 82 83 73
	00001427 396 79 75 86 77 79
	00000430 393 92 72 80 67 82
	00000279 393 83 88 76 65 81
	00001733 392 78 78 82 78 76
	00001931 392 87 72 84 78 71
	00001200 391 71 83 81 84 72
	00001096 391 79 86 76 72 78
2048	0.001	快速排序: 正确
	倒序输出部分数据（即总分前若干名的数据）
	 学 号  总分 语 数 外 理 化
	00001084 401 79 81 82 84 75
	00000947 399 79 83 81 79 77
	00000544 398 81 79 82 83 73
	00001427 396 79 75 86 77 79
	00000279 393 83 88 76 65 81
	00000430 393 92 72 80 67 82
	00001931 392 87 72 84 78 71
	00001733 392 78 78 82 78 76
	00001930 391 66 91 80 71 83
	00001685 391 78 78 81 79 75
4096	0.034	冒泡排序: 正确
	倒序输出部分数据（即总分前若干名的数据）
	 学 号  总分 语 数 外 理 化
	00002180 415 81 70 85 89 90
	00000869 408 87 83 81 79 78
	00000458 406 86 87 72 85 76
	00003720 400 77 79 86 86 72
	00002829 400 83 87 81 71 78
	00002633 400 88 81 75 76 80
	00002138 399 85 80 78 80 76
	00000976 399 76 85 84 78 76
	00000923 399 84 73 89 73 80
	00003979 398 71 85 75 83 84
4096	0.008	选择排序: 正确
	倒序输出部分数据（即总分前若干名的数据）
	 学 号  总分 语 数 外 理 化
	00002180 415 81 70 85 89 90
	00000869 408 87 83 81 79 78
	00000458 406 86 87 72 85 76
	00003720 400 77 79 86 86 72
	00002633 400 88 81 75 76 80
	00002829 400 83 87 81 71 78
	00000923 399 84 73 89 73 80
	00002138 399 85 80 78 80 76
	00000976 399 76 85 84 78 76
	00003979 398 71 85 75 83 84
4096	0	快速排序: 正确
	倒序输出部分数据（即总分前若干名的数据）
	 学 号  总分 语 数 外 理 化
	00002180 415 81 70 85 89 90
	00000869 408 87 83 81 79 78
	00000458 406 86 87 72 85 76
	00003720 400 77 79 86 86 72
	00002633 400 88 81 75 76 80
	00002829 400 83 87 81 71 78
	00002138 399 85 80 78 80 76
	00000976 399 76 85 84 78 76
	00000923 399 84 73 89 73 80
	00003979 398 71 85 75 83 84
8192	0.157	冒泡排序: 正确
	倒序输出部分数据（即总分前若干名的数据）
	 学 号  总分 语 数 外 理 化
	00001942 412 73 82 88 86 83
	00007637 410 77 84 75 91 83
	00003993 407 78 82 77 83 87
	00004180 405 86 72 86 78 83
	00007775 404 82 77 79 87 79
	00002821 404 83 85 77 88 71
	00007543 403 72 81 83 83 84
	00007798 401 85 68 83 79 86
	00004639 401 91 70 84 72 84
	00001310 401 79 76 80 89 77
8192	0.029	选择排序: 正确
	倒序输出部分数据（即总分前若干名的数据）
	 学 号  总分 语 数 外 理 化
	00001942 412 73 82 88 86 83
	00007637 410 77 84 75 91 83
	00003993 407 78 82 77 83 87
	00004180 405 86 72 86 78 83
	00002821 404 83 85 77 88 71
	00007775 404 82 77 79 87 79
	00007543 403 72 81 83 83 84
	00004639 401 91 70 84 72 84
	00001310 401 79 76 80 89 77
	00007798 401 85 68 83 79 86
8192	0.002	快速排序: 正确
	倒序输出部分数据（即总分前若干名的数据）
	 学 号  总分 语 数 外 理 化
	00001942 412 73 82 88 86 83
	00007637 410 77 84 75 91 83
	00003993 407 78 82 77 83 87
	00004180 405 86 72 86 78 83
	00007775 404 82 77 79 87 79
	00002821 404 83 85 77 88 71
	00007543 403 72 81 83 83 84
	00004639 401 91 70 84 72 84
	00007798 401 85 68 83 79 86
	00001310 401 79 76 80 89 77
16384	0.687	冒泡排序: 正确
	倒序输出部分数据（即总分前若干名的数据）
	 学 号  总分 语 数 外 理 化
	00013868 415 93 79 85 72 86
	00000131 411 90 82 78 89 72
	00011766 407 82 84 76 87 78
	00006172 406 80 74 86 81 85
	00005701 406 72 85 72 91 86
	00010618 405 80 82 84 78 81
	00005652 405 85 82 88 67 83
	00003844 405 79 68 84 87 87
	00003386 405 79 81 83 81 81
	00002740 405 82 76 74 79 94
16384	0.127	选择排序: 正确
	倒序输出部分数据（即总分前若干名的数据）
	 学 号  总分 语 数 外 理 化
	00013868 415 93 79 85 72 86
	00000131 411 90 82 78 89 72
	00011766 407 82 84 76 87 78
	00006172 406 80 74 86 81 85
	00005701 406 72 85 72 91 86
	00002740 405 82 76 74 79 94
	00005652 405 85 82 88 67 83
	00003386 405 79 81 83 81 81
	00003844 405 79 68 84 87 87
	00010618 405 80 82 84 78 81
16384	0.004	快速排序: 正确
	倒序输出部分数据（即总分前若干名的数据）
	 学 号  总分 语 数 外 理 化
	00013868 415 93 79 85 72 86
	00000131 411 90 82 78 89 72
	00011766 407 82 84 76 87 78
	00006172 406 80 74 86 81 85
	00005701 406 72 85 72 91 86
	00005652 405 85 82 88 67 83
	00003386 405 79 81 83 81 81
	00003844 405 79 68 84 87 87
	00002740 405 82 76 74 79 94
	00010618 405 80 82 84 78 81
32768	2.9	冒泡排序: 正确
	倒序输出部分数据（即总分前若干名的数据）
	 学 号  总分 语 数 外 理 化
	00018146 413 82 86 80 88 77
	00028433 412 77 73 92 87 83
	00008546 412 87 84 82 78 81
	00003986 411 81 82 82 82 84
	00008953 409 69 91 84 85 80
	00021979 408 88 82 73 78 87
	00021970 408 88 74 92 78 76
	00019161 408 78 88 80 84 78
	00011613 408 83 81 85 83 76
	00019462 407 92 79 78 77 81
32768	0.511	选择排序: 正确
	倒序输出部分数据（即总分前若干名的数据）
	 学 号  总分 语 数 外 理 化
	00018146 413 82 86 80 88 77
	00028433 412 77 73 92 87 83
	00008546 412 87 84 82 78 81
	00003986 411 81 82 82 82 84
	00008953 409 69 91 84 85 80
	00021970 408 88 74 92 78 76
	00021979 408 88 82 73 78 87
	00011613 408 83 81 85 83 76
	00019161 408 78 88 80 84 78
	00019462 407 92 79 78 77 81
32768	0.017	快速排序: 正确
	倒序输出部分数据（即总分前若干名的数据）
	 学 号  总分 语 数 外 理 化
	00018146 413 82 86 80 88 77
	00028433 412 77 73 92 87 83
	00008546 412 87 84 82 78 81
	00003986 411 81 82 82 82 84
	00008953 409 69 91 84 85 80
	00021979 408 88 82 73 78 87
	00021970 408 88 74 92 78 76
	00019161 408 78 88 80 84 78
	00011613 408 83 81 85 83 76
	00019462 407 92 79 78 77 81
65536	11.962	冒泡排序: 正确
	倒序输出部分数据（即总分前若干名的数据）
	 学 号  总分 语 数 外 理 化
	00007364 414 84 74 80 86 90
	00054538 413 77 95 85 74 82
	00040726 413 76 86 87 89 75
	00048040 410 77 86 83 86 78
	00063215 409 79 82 83 87 78
	00010425 409 88 82 89 75 75
	00009040 409 79 87 83 81 79
	00038839 408 74 74 75 95 90
	00038710 408 78 83 80 80 87
	00039886 407 79 87 76 77 88
65536	2.064	选择排序: 正确
	倒序输出部分数据（即总分前若干名的数据）
	 学 号  总分 语 数 外 理 化
	00007364 414 84 74 80 86 90
	00054538 413 77 95 85 74 82
	00040726 413 76 86 87 89 75
	00048040 410 77 86 83 86 78
	00063215 409 79 82 83 87 78
	00010425 409 88 82 89 75 75
	00009040 409 79 87 83 81 79
	00038839 408 74 74 75 95 90
	00038710 408 78 83 80 80 87
	00039886 407 79 87 76 77 88
65536	0.07	快速排序: 正确
	倒序输出部分数据（即总分前若干名的数据）
	 学 号  总分 语 数 外 理 化
	00007364 414 84 74 80 86 90
	00040726 413 76 86 87 89 75
	00054538 413 77 95 85 74 82
	00048040 410 77 86 83 86 78
	00063215 409 79 82 83 87 78
	00010425 409 88 82 89 75 75
	00009040 409 79 87 83 81 79
	00038839 408 74 74 75 95 90
	00038710 408 78 83 80 80 87
	00039886 407 79 87 76 77 88

	*** 多种不同存储方式的C-字符串数组的排序 ***

原始数据: enter, number, size, begin, of, cat, case, program, certain, a, cake, side
请完成函数 BubbleA 的定义，执行排序操作。
排序结果: enter, number, size, begin, of, cat, case, program, certain, a, cake, side

原始数据: enter, number, size, begin, of, cat, case, program, certain, an, cake, side
请完成函数 BubbleB 的定义，执行排序操作。
排序结果: enter, number, size, begin, of, cat, case, program, certain, an, cake, side

原始数据: enter, number, size, begin, of, cat, case, program, certain, a, cake, side
请完成函数 BubbleB 的定义，执行排序操作。
排序结果: enter, number, size, begin, of, cat, case, program, certain, a, cake, side

原始数据: enter, number, size, begin, of, cat, case, program, certain, an, cake, side
请完成函数 BubbleB 的定义，执行排序操作。
排序结果: enter, number, size, begin, of, cat, case, program, certain, an, cake, side
当前时间: 16:54:37.19
输入新时间: 

数据类型: i (正态分布)
	冒泡排序	选择排序	快速排序
1024	0	0	0	冒泡排序: 正确	选择排序: 正确	快速排序: 正确
2048	0.003	0.002	0	冒泡排序: 正确	选择排序: 正确	快速排序: 正确
4096	0.011	0.008	0.001	冒泡排序: 正确	选择排序: 正确	快速排序: 正确
8192	0.063	0.031	0	冒泡排序: 正确	选择排序: 正确	快速排序: 正确
16384	0.297	0.125	0.002	冒泡排序: 正确	选择排序: 正确	快速排序: 正确
32768	1.303	0.497	0.008	冒泡排序: 正确	选择排序: 正确	快速排序: 正确
65536	5.449	1.987	0.032	冒泡排序: 正确	选择排序: 正确	快速排序: 正确

数据类型: i (均匀分布)
	冒泡排序	选择排序	快速排序
1024	0	0.001	0	冒泡排序: 正确	选择排序: 正确	快速排序: 正确
2048	0.002	0.002	0.001	冒泡排序: 正确	选择排序: 正确	快速排序: 正确
4096	0.012	0.008	0	冒泡排序: 正确	选择排序: 正确	快速排序: 正确
8192	0.064	0.032	0	冒泡排序: 正确	选择排序: 正确	快速排序: 正确
16384	0.302	0.127	0.001	冒泡排序: 正确	选择排序: 正确	快速排序: 正确
32768	1.322	0.496	0.005	冒泡排序: 正确	选择排序: 正确	快速排序: 正确
65536	5.48	1.991	0.018	冒泡排序: 正确	选择排序: 正确	快速排序: 正确

数据类型: i (完全顺序)
	冒泡排序	选择排序	快速排序
1024	0	0	0	冒泡排序: 正确	选择排序: 正确	快速排序: 正确
2048	0.001	0.002	0.001	冒泡排序: 正确	选择排序: 正确	快速排序: 正确
4096	0.004	0.008	0.004	冒泡排序: 正确	选择排序: 正确	快速排序: 正确
8192	0.017	0.033	0.011	冒泡排序: 正确	选择排序: 正确	快速排序: 正确
16384	0.071	0.128	0.047	冒泡排序: 正确	选择排序: 正确	快速排序: 正确
32768	0.286	0.519	0.179	冒泡排序: 正确	选择排序: 正确	快速排序: 正确
65536	1.144	2.066	
	冒泡排序: 正确	选择排序: 正确	快速排序：由于递归层次太深，可能导致栈溢出，故跳过。

数据类型: i (完全逆序)
	冒泡排序	选择排序	快速排序
1024	0.001	0	0	冒泡排序: 正确	选择排序: 正确	快速排序: 正确
2048	0.002	0.001	0.001	冒泡排序: 正确	选择排序: 正确	快速排序: 正确
4096	0.01	0.006	0.003	冒泡排序: 正确	选择排序: 正确	快速排序: 正确
8192	0.042	0.023	0.012	冒泡排序: 正确	选择排序: 正确	快速排序: 正确
16384	0.165	0.093	0.047	冒泡排序: 正确	选择排序: 正确	快速排序: 正确
32768	0.664	0.365	0.189	冒泡排序: 正确	选择排序: 正确	快速排序: 正确
65536	2.656	1.462	
	冒泡排序: 正确	选择排序: 正确	快速排序：由于递归层次太深，可能导致栈溢出，故跳过。

数据类型: d (正态分布)
	冒泡排序	选择排序	快速排序
1024	0.001	0	0	冒泡排序: 正确	选择排序: 正确	快速排序: 正确
2048	0.004	0.001	0	冒泡排序: 正确	选择排序: 正确	快速排序: 正确
4096	0.02	0.007	0	冒泡排序: 正确	选择排序: 正确	快速排序: 正确
8192	0.099	0.027	0.001	冒泡排序: 正确	选择排序: 正确	快速排序: 正确
16384	0.44	0.107	0.002	冒泡排序: 正确	选择排序: 正确	快速排序: 正确
32768	1.94	0.431	0.003	冒泡排序: 正确	选择排序: 正确	快速排序: 正确
65536	8.031	1.746	0.006	冒泡排序: 正确	选择排序: 正确	快速排序: 正确

数据类型: d (均匀分布)
	冒泡排序	选择排序	快速排序
1024	0.001	0	0	冒泡排序: 正确	选择排序: 正确	快速排序: 正确
2048	0.004	0.002	0	冒泡排序: 正确	选择排序: 正确	快速排序: 正确
4096	0.02	0.007	0	冒泡排序: 正确	选择排序: 正确	快速排序: 正确
8192	0.096	0.029	0.001	冒泡排序: 正确	选择排序: 正确	快速排序: 正确
16384	0.446	0.108	0.001	冒泡排序: 正确	选择排序: 正确	快速排序: 正确
32768	1.92	0.432	0.003	冒泡排序: 正确	选择排序: 正确	快速排序: 正确
65536	8.033	1.759	0.006	冒泡排序: 正确	选择排序: 正确	快速排序: 正确

数据类型: d (完全顺序)
	冒泡排序	选择排序	快速排序
1024	0.001	0	0.001	冒泡排序: 正确	选择排序: 正确	快速排序: 正确
2048	0.003	0.002	0.002	冒泡排序: 正确	选择排序: 正确	快速排序: 正确
4096	0.014	0.006	0.009	冒泡排序: 正确	选择排序: 正确	快速排序: 正确
8192	0.053	0.027	0.035	冒泡排序: 正确	选择排序: 正确	快速排序: 正确
16384	0.215	0.108	0.14	冒泡排序: 正确	选择排序: 正确	快速排序: 正确
32768	0.851	0.436	0.566	冒泡排序: 正确	选择排序: 正确	快速排序: 正确
65536	3.401	1.74	
	冒泡排序: 正确	选择排序: 正确	快速排序：由于递归层次太深，可能导致栈溢出，故跳过。

数据类型: d (完全逆序)
	冒泡排序	选择排序	快速排序
1024	0.002	0	0.001	冒泡排序: 正确	选择排序: 正确	快速排序: 正确
2048	0.003	0.002	0.002	冒泡排序: 正确	选择排序: 正确	快速排序: 正确
4096	0.013	0.008	0.008	冒泡排序: 正确	选择排序: 正确	快速排序: 正确
8192	0.052	0.031	0.031	冒泡排序: 正确	选择排序: 正确	快速排序: 正确
16384	0.214	0.124	0.125	冒泡排序: 正确	选择排序: 正确	快速排序: 正确
32768	0.853	0.539	0.496	冒泡排序: 正确	选择排序: 正确	快速排序: 正确
65536	3.409	2.005	
	冒泡排序: 正确	选择排序: 正确	快速排序：由于递归层次太深，可能导致栈溢出，故跳过。

原始数据分布: 正态分布, 数据类型 = 5Score
1024	0.002	冒泡排序: 正确
	倒序输出部分数据（即总分前若干名的数据）
	 学 号  总分 语 数 外 理 化
	00000769 406 85 69 87 86 79
	00000316 406 86 86 67 82 85
	00000020 404 77 82 77 83 85
	00000291 399 80 78 85 77 79
	00000420 397 83 84 81 79 70
	00000411 397 74 74 86 86 77
	00000280 394 79 79 81 75 80
	00000539 393 79 80 81 78 75
	00000008 392 78 74 81 82 77
	00000913 391 79 72 76 83 81
1024	0	选择排序: 正确
	倒序输出部分数据（即总分前若干名的数据）
	 学 号  总分 语 数 外 理 化
	00000769 406 85 69 87 86 79
	00000316 406 86 86 67 82 85
	00000020 404 77 82 77 83 85
	00000291 399 80 78 85 77 79
	00000411 397 74 74 86 86 77
	00000420 397 83 84 81 79 70
	00000280 394 79 79 81 75 80
	00000539 393 79 80 81 78 75
	00000008 392 78 74 81 82 77
	00000065 391 80 76 74 83 78
1024	0.001	快速排序: 正确
	倒序输出部分数据（即总分前若干名的数据）
	 学 号  总分 语 数 外 理 化
	00000769 406 85 69 87 86 79
	00000316 406 86 86 67 82 85
	00000020 404 77 82 77 83 85
	00000291 399 80 78 85 77 79
	00000411 397 74 74 86 86 77
	00000420 397 83 84 81 79 70
	00000280 394 79 79 81 75 80
	00000539 393 79 80 81 78 75
	00000008 392 78 74 81 82 77
	00000913 391 79 72 76 83 81
2048	0.008	冒泡排序: 正确
	倒序输出部分数据（即总分前若干名的数据）
	 学 号  总分 语 数 外 理 化
	00001418 410 86 82 84 77 81
	00000776 408 79 81 82 92 74
	00001877 402 79 78 76 86 83
	00001670 399 79 80 79 85 76
	00001080 399 74 83 84 76 82
	00000331 399 73 78 84 84 80
	00000963 396 79 84 82 71 80
	00001678 395 74 77 91 79 74
	00001406 395 70 82 83 88 72
	00001530 393 84 83 83 70 73
2048	0.001	选择排序: 正确
	倒序输出部分数据（即总分前若干名的数据）
	 学 号  总分 语 数 外 理 化
	00001418 410 86 82 84 77 81
	00000776 408 79 81 82 92 74
	00001877 402 79 78 76 86 83
	00001080 399 74 83 84 76 82
	00001670 399 79 80 79 85 76
	00000331 399 73 78 84 84 80
	00000963 396 79 84 82 71 80
	00001406 395 70 82 83 88 72
	00001678 395 74 77 91 79 74
	00001530 393 84 83 83 70 73
2048	0	快速排序: 正确
	倒序输出部分数据（即总分前若干名的数据）
	 学 号  总分 语 数 外 理 化
	00001418 410 86 82 84 77 81
	00000776 408 79 81 82 92 74
	00001877 402 79 78 76 86 83
	00000331 399 73 78 84 84 80
	00001670 399 79 80 79 85 76
	00001080 399 74 83 84 76 82
	00000963 396 79 84 82 71 80
	00001678 395 74 77 91 79 74
	00001406 395 70 82 83 88 72
	00001530 393 84 83 83 70 73
4096	0.034	冒泡排序: 正确
	倒序输出部分数据（即总分前若干名的数据）
	 学 号  总分 语 数 外 理 化
	00001955 407 80 81 78 89 79
	00000904 404 96 82 75 81 70
	00002035 402 78 78 82 86 78
	00004034 400 79 84 78 83 76
	00001705 400 81 81 81 76 81
	00000777 400 80 83 79 72 86
	00001913 399 76 77 82 82 82
	00004037 398 85 75 86 78 74
	00001615 398 79 70 91 78 80
	00003050 397 79 92 64 88 74
4096	0.009	选择排序: 正确
	倒序输出部分数据（即总分前若干名的数据）
	 学 号  总分 语 数 外 理 化
	00001955 407 80 81 78 89 79
	00000904 404 96 82 75 81 70
	00002035 402 78 78 82 86 78
	00000777 400 80 83 79 72 86
	00001705 400 81 81 81 76 81
	00004034 400 79 84 78 83 76
	00001913 399 76 77 82 82 82
	00001615 398 79 70 91 78 80
	00004037 398 85 75 86 78 74
	00002445 397 75 72 82 84 84
4096	0	快速排序: 正确
	倒序输出部分数据（即总分前若干名的数据）
	 学 号  总分 语 数 外 理 化
	00001955 407 80 81 78 89 79
	00000904 404 96 82 75 81 70
	00002035 402 78 78 82 86 78
	00001705 400 81 81 81 76 81
	00004034 400 79 84 78 83 76
	00000777 400 80 83 79 72 86
	00001913 399 76 77 82 82 82
	00004037 398 85 75 86 78 74
	00001615 398 79 70 91 78 80
	00003050 397 79 92 64 88 74
8192	0.161	冒泡排序: 正确
	倒序输出部分数据（即总分前若干名的数据）
	 学 号  总分 语 数 外 理 化
	00002955 408 77 80 79 85 87
	00005063 407 88 74 83 80 82
	00007468 406 85 79 88 82 72
	00000354 405 82 92 78 76 77
	00001014 404 85 85 83 74 77
	00006339 403 82 77 82 75 87
	00000912 403 81 80 74 85 83
	00001596 402 84 87 75 73 83
	00003335 401 79 89 78 69 86
	00004868 400 87 74 77 80 82
8192	0.03	选择排序: 正确
	倒序输出部分数据（即总分前若干名的数据）
	 学 号  总分 语 数 外 理 化
	00002955 408 77 80 79 85 87
	00005063 407 88 74 83 80 82
	00007468 406 85 79 88 82 72
	00000354 405 82 92 78 76 77
	00001014 404 85 85 83 74 77
	00006339 403 82 77 82 75 87
	00000912 403 81 80 74 85 83
	00001596 402 84 87 75 73 83
	00003335 401 79 89 78 69 86
	00004868 400 87 74 77 80 82
8192	0.002	快速排序: 正确
	倒序输出部分数据（即总分前若干名的数据）
	 学 号  总分 语 数 外 理 化
	00002955 408 77 80 79 85 87
	00005063 407 88 74 83 80 82
	00007468 406 85 79 88 82 72
	00000354 405 82 92 78 76 77
	00001014 404 85 85 83 74 77
	00000912 403 81 80 74 85 83
	00006339 403 82 77 82 75 87
	00001596 402 84 87 75 73 83
	00003335 401 79 89 78 69 86
	00004868 400 87 74 77 80 82
16384	0.686	冒泡排序: 正确
	倒序输出部分数据（即总分前若干名的数据）
	 学 号  总分 语 数 外 理 化
	00006478 411 82 89 75 86 79
	00014713 410 82 85 78 83 82
	00007428 407 90 76 86 75 80
	00014490 406 82 79 86 81 78
	00010267 406 86 77 74 84 85
	00002981 406 79 83 84 78 82
	00005753 405 82 85 80 79 79
	00002712 405 84 82 78 78 83
	00013999 404 86 84 77 82 75
	00010110 404 70 94 79 82 79
16384	0.128	选择排序: 正确
	倒序输出部分数据（即总分前若干名的数据）
	 学 号  总分 语 数 外 理 化
	00006478 411 82 89 75 86 79
	00014713 410 82 85 78 83 82
	00007428 407 90 76 86 75 80
	00010267 406 86 77 74 84 85
	00002981 406 79 83 84 78 82
	00014490 406 82 79 86 81 78
	00002712 405 84 82 78 78 83
	00005753 405 82 85 80 79 79
	00013999 404 86 84 77 82 75
	00010110 404 70 94 79 82 79
16384	0.005	快速排序: 正确
	倒序输出部分数据（即总分前若干名的数据）
	 学 号  总分 语 数 外 理 化
	00006478 411 82 89 75 86 79
	00014713 410 82 85 78 83 82
	00007428 407 90 76 86 75 80
	00010267 406 86 77 74 84 85
	00002981 406 79 83 84 78 82
	00014490 406 82 79 86 81 78
	00005753 405 82 85 80 79 79
	00002712 405 84 82 78 78 83
	00010110 404 70 94 79 82 79
	00013999 404 86 84 77 82 75
32768	2.896	冒泡排序: 正确
	倒序输出部分数据（即总分前若干名的数据）
	 学 号  总分 语 数 外 理 化
	00022881 413 73 79 87 82 92
	00002263 411 88 88 79 73 83
	00016281 409 97 76 75 74 87
	00023876 408 75 86 91 77 79
	00020766 408 88 79 82 78 81
	00020600 408 86 77 85 80 80
	00000795 407 81 75 91 84 76
	00031300 406 90 88 72 78 78
	00031132 406 79 85 86 78 78
	00021278 406 76 88 83 77 82
32768	0.515	选择排序: 正确
	倒序输出部分数据（即总分前若干名的数据）
	 学 号  总分 语 数 外 理 化
	00022881 413 73 79 87 82 92
	00002263 411 88 88 79 73 83
	00016281 409 97 76 75 74 87
	00020766 408 88 79 82 78 81
	00020600 408 86 77 85 80 80
	00023876 408 75 86 91 77 79
	00000795 407 81 75 91 84 76
	00031132 406 79 85 86 78 78
	00031300 406 90 88 72 78 78
	00021278 406 76 88 83 77 82
32768	0.017	快速排序: 正确
	倒序输出部分数据（即总分前若干名的数据）
	 学 号  总分 语 数 外 理 化
	00022881 413 73 79 87 82 92
	00002263 411 88 88 79 73 83
	00016281 409 97 76 75 74 87
	00020766 408 88 79 82 78 81
	00020600 408 86 77 85 80 80
	00023876 408 75 86 91 77 79
	00000795 407 81 75 91 84 76
	00031132 406 79 85 86 78 78
	00018170 406 90 82 80 69 85
	00012758 406 66 84 75 84 97
65536	11.969	冒泡排序: 正确
	倒序输出部分数据（即总分前若干名的数据）
	 学 号  总分 语 数 外 理 化
	00048990 415 78 87 87 89 74
	00037136 414 74 87 74 92 87
	00024005 414 83 84 79 90 78
	00005928 413 84 82 82 75 90
	00028833 412 87 90 87 72 76
	00055630 411 81 92 73 78 87
	00051700 411 77 83 81 87 83
	00017706 411 85 72 89 88 77
	00007975 411 87 76 89 72 87
	00039218 410 73 86 86 79 86
65536	2.063	选择排序: 正确
	倒序输出部分数据（即总分前若干名的数据）
	 学 号  总分 语 数 外 理 化
	00048990 415 78 87 87 89 74
	00037136 414 74 87 74 92 87
	00024005 414 83 84 79 90 78
	00005928 413 84 82 82 75 90
	00028833 412 87 90 87 72 76
	00017706 411 85 72 89 88 77
	00007975 411 87 76 89 72 87
	00051700 411 77 83 81 87 83
	00055630 411 81 92 73 78 87
	00020433 410 77 79 80 78 96
65536	0.067	快速排序: 正确
	倒序输出部分数据（即总分前若干名的数据）
	 学 号  总分 语 数 外 理 化
	00048990 415 78 87 87 89 74
	00024005 414 83 84 79 90 78
	00037136 414 74 87 74 92 87
	00005928 413 84 82 82 75 90
	00028833 412 87 90 87 72 76
	00051700 411 77 83 81 87 83
	00017706 411 85 72 89 88 77
	00007975 411 87 76 89 72 87
	00055630 411 81 92 73 78 87
	00020433 410 77 79 80 78 96

	*** 多种不同存储方式的C-字符串数组的排序 ***

原始数据: enter, number, size, begin, of, cat, case, program, certain, a, cake, side
请完成函数 BubbleA 的定义，执行排序操作。
排序结果: enter, number, size, begin, of, cat, case, program, certain, a, cake, side

原始数据: enter, number, size, begin, of, cat, case, program, certain, an, cake, side
请完成函数 BubbleB 的定义，执行排序操作。
排序结果: enter, number, size, begin, of, cat, case, program, certain, an, cake, side

原始数据: enter, number, size, begin, of, cat, case, program, certain, a, cake, side
请完成函数 BubbleB 的定义，执行排序操作。
排序结果: enter, number, size, begin, of, cat, case, program, certain, a, cake, side

原始数据: enter, number, size, begin, of, cat, case, program, certain, an, cake, side
请完成函数 BubbleB 的定义，执行排序操作。
排序结果: enter, number, size, begin, of, cat, case, program, certain, an, cake, side
当前时间: 16:56:07.21
输入新时间: 
